Problema;Tcomputation;Tsampling;TTotal;Ceros;Pevidence;Variance;SAT
bayesian/blockmap_10_03-0009.uai;21.233781099319458
6.489336729049683;27.72311782836914;1000;0.0;0.0
bayesian/blockmap_10_03-0010.uai;12.574857234954834
3.785836935043335;16.36069416999817;1000;0.0;0.0
bayesian/blockmap_15_01-0008.uai;64.64540386199951
3.397411584854126;68.04281544685364;1000;0.0;0.0
bayesian/blockmap_15_02-0008.uai;91.04300022125244
2.442361354827881;93.48536157608032;1000;0.0;0.0
bayesian/blockmap_15_03-0010.uai;92.53948855400085
11.858093500137329;104.39758205413818;1000;0.0;0.0
bayesian/blockmap_20_01-0009.uai;420.2938344478607
59.682504415512085;479.9763388633728;1000;0.0;0.0
